1,0.140495384,0.404215773,0.404215773,0.089324107,0.470086429,0.404215773,0.404215773,0.347575214,0.470086429,0.031046846,0.031046846,0.337349398,0.163390391,0.404215773,0.404215773,0.470086429,0.103880287,0.140495384,0.404215773,0.347575214,0.404215773,0.404215773,0.190016349,0.000963907,0.041990051,0.220981251,0.298871389,0.048832713,0.404215773,0.404215773,0.404215773,0.404215773,0.347575214,0.298871389,0.163390391,0.012549625,0.347575214,0.163390391,4.20E-06,0.347575214,0.404215773,0.000526959,0.404215773,0.404215773,0.190016349,0.404215773,0.163390391,0.036106213,0.019738953,0.220981251,0.404215773,0.220981251,0.404215773,0.190016349,0.347575214,0.404215773,0.190016349,0.256992166,0.470086429,0.404215773,0.404215773,0.404215773,0.404215773,0.256992166,0.470086429,0.404215773,0.220981251,0.470086429,0.470086429,0.256992166,0.190016349,0.106060606,0.220981251,0.470086429,0.220981251,0.103880287,0.220981251,0.347575214,0.404215773,0.404215773,0.470086429,0.163390391,0.12080853,0.347575214,0.140495384,0.138694639,0.404215773,0.119238477,0.190016349,0.256992166,0.066044973,0.036106213,0.404215773,0.163390391,0.404215773,0.220981251,0.404215773,0.256992166,0.404215773,0.220981251,0.404215773,0.404215773,0.103880287,0.190016349,0.298871389,0.256992166,0.134615385,0.347575214,0.184210526,0.298871389,0.140495384,0.140495384,0.311111111,0.163390391,0.256992166,0.404215773
0.140495384,1,0.256992166,0.256992166,0.05679045,0.298871389,0.256992166,0.256992166,0.220981251,0.298871389,0.019738953,0.019738953,1.98E-06,0.103880287,0.256992166,0.256992166,0.298871389,0.066044973,0.089324107,0.256992166,0.220981251,0.256992166,0.256992166,0.12080853,0.000612832,0.02669642,0.140495384,0.190016349,0.031046846,0.256992166,0.256992166,0.256992166,0.256992166,0.220981251,0.190016349,0.103880287,0.007978796,0.220981251,0.103880287,2.67E-06,0.220981251,0.256992166,0.00033503,0.256992166,0.256992166,0.12080853,0.256992166,0.103880287,0.022955596,0.012549625,0.140495384,0.256992166,0.140495384,0.256992166,0.12080853,0.220981251,0.256992166,0.12080853,0.163390391,0.298871389,0.256992166,0.256992166,0.256992166,0.256992166,0.163390391,0.298871389,0.256992166,0.140495384,0.298871389,0.298871389,0.163390391,0.12080853,0.12080853,0.140495384,0.298871389,0.140495384,0.066044973,0.140495384,0.220981251,0.256992166,0.256992166,0.298871389,0.103880287,0.076807606,0.220981251,0.089324107,0.05679045,0.256992166,0.05679045,0.12080853,0.163390391,0.041990051,0.022955596,0.256992166,0.103880287,0.256992166,0.140495384,0.256992166,0.163390391,0.256992166,0.140495384,0.256992166,0.256992166,0.066044973,0.12080853,0.190016349,0.163390391,0.041990051,0.220981251,0.089324107,0.190016349,0.089324107,0.089324107,0.256992166,0.103880287,0.163390391,0.256992166
0.404215773,0.256992166,1,0.739385766,0.163390391,0.859875436,0.739385766,0.739385766,0.635779658,0.859875436,0.05679045,0.05679045,5.69E-06,0.298871389,0.739385766,0.739385766,0.859875436,0.190016349,0.256992166,0.739385766,0.635779658,0.739385766,0.739385766,0.347575214,0.001763164,0.076807606,0.404215773,0.54669131,0.089324107,0.739385766,0.739385766,0.739385766,0.739385766,0.635779658,0.54669131,0.298871389,0.022955596,0.635779658,0.298871389,7.69E-06,0.635779658,0.739385766,0.000963907,0.739385766,0.739385766,0.347575214,0.739385766,0.298871389,0.066044973,0.036106213,0.404215773,0.739385766,0.404215773,0.739385766,0.347575214,0.635779658,0.739385766,0.347575214,0.470086429,0.859875436,0.739385766,0.739385766,0.739385766,0.739385766,0.470086429,0.859875436,0.739385766,0.404215773,0.859875436,0.859875436,0.470086429,0.347575214,0.347575214,0.404215773,0.859875436,0.404215773,0.190016349,0.404215773,0.635779658,0.739385766,0.739385766,0.859875436,0.298871389,0.220981251,0.635779658,0.256992166,0.163390391,0.739385766,0.163390391,0.347575214,0.470086429,0.12080853,0.066044973,0.739385766,0.298871389,0.739385766,0.404215773,0.739385766,0.470086429,0.739385766,0.404215773,0.739385766,0.739385766,0.190016349,0.347575214,0.54669131,0.470086429,0.12080853,0.635779658,0.256992166,0.54669131,0.256992166,0.256992166,0.739385766,0.298871389,0.470086429,0.739385766
0.404215773,0.256992166,0.739385766,1,0.378378378,0.859875436,0.739385766,0.739385766,0.635779658,0.859875436,0.237288136,0.095890411,0.118644068,0.298871389,0.739385766,0.739385766,0.859875436,0.088663711,0.256992166,0.237288136,0.635779658,0.154696133,0.739385766,0.088663711,0.091503268,0.076807606,0.404215773,0.54669131,0.089324107,0.739385766,0.134615385,0.739385766,0.739385766,0.092776673,0.54669131,0.100719424,0.022955596,0.635779658,0.298871389,0.106060606,0.635779658,0.739385766,0.191780822,0.092776673,0.739385766,0.347575214,0.739385766,0.298871389,0.269230769,0.183006536,0.404215773,0.739385766,0.404215773,0.739385766,0.347575214,0.635779658,0.252252252,0.252252252,0.470086429,0.859875436,0.739385766,0.739385766,0.739385766,0.154696133,0.470086429,0.859875436,0.739385766,0.118644068,0.859875436,0.859875436,0.470086429,0.112,0.083832335,0.404215773,0.212121212,0.404215773,0.100214746,0.404215773,0.635779658,0.739385766,0.739385766,0.859875436,0.298871389,0.092776673,0.092776673,0.256992166,0.163390391,0.739385766,0.207715134,0.347575214,0.106060606,0.12080853,0.066044973,0.739385766,0.298871389,0.739385766,0.404215773,0.739385766,0.470086429,0.739385766,0.404215773,0.739385766,0.098730606,0.190016349,0.347575214,0.54669131,0.470086429,0.100719424,0.635779658,0.126126126,0.54669131,0.256992166,0.256992166,0.112,0.298871389,0.470086429,0.739385766
0.089324107,0.05679045,0.163390391,0.378378378,1,0.190016349,0.163390391,0.163390391,0.140495384,0.190016349,0.337349398,0.126126126,0.168674699,0.066044973,0.163390391,0.163390391,0.190016349,0.113913751,0.076807606,0.337349398,0.140495384,0.191780822,0.163390391,0.113913751,0.118644068,0.016973041,0.089324107,0.12080853,0.019738953,0.163390391,0.202898551,0.163390391,0.163390391,0.120793788,0.12080853,0.134615385,0.005072756,0.140495384,0.066044973,0.144329897,0.140495384,0.163390391,0.252252252,0.120793788,0.163390391,0.076807606,0.163390391,0.066044973,0.405797101,0.237288136,0.089324107,0.163390391,0.089324107,0.163390391,0.076807606,0.140495384,0.368421053,0.368421053,0.103880287,0.190016349,0.163390391,0.163390391,0.163390391,0.191780822,0.103880287,0.190016349,0.163390391,0.168674699,0.190016349,0.190016349,0.103880287,0.155555556,0.076807606,0.089324107,0.288659794,0.089324107,0.041990051,0.089324107,0.140495384,0.163390391,0.163390391,0.190016349,0.066044973,0.120793788,0.120793788,0.05679045,0.036106213,0.163390391,0.280561122,0.076807606,0.144329897,0.02669642,0.014594701,0.163390391,0.066044973,0.163390391,0.089324107,0.163390391,0.103880287,0.163390391,0.089324107,0.163390391,0.131086142,0.041990051,0.076807606,0.12080853,0.103880287,0.02669642,0.140495384,0.05679045,0.12080853,0.05679045,0.05679045,0.155555556,0.066044973,0.103880287,0.163390391
0.470086429,0.298871389,0.859875436,0.859875436,0.190016349,1,0.859875436,0.859875436,0.739385766,1,0.066044973,0.066044973,6.61E-06,0.347575214,0.859875436,0.859875436,1,0.220981251,0.298871389,0.859875436,0.739385766,0.859875436,0.859875436,0.404215773,0.002050488,0.089324107,0.470086429,0.635779658,0.103880287,0.859875436,0.859875436,0.859875436,0.859875436,0.739385766,0.635779658,0.347575214,0.02669642,0.739385766,0.347575214,8.94E-06,0.739385766,0.859875436,0.001120984,0.257116621,0.859875436,0.404215773,0.859875436,0.347575214,0.076807606,0.041990051,0.470086429,0.859875436,0.470086429,0.859875436,0.404215773,0.739385766,0.859875436,0.404215773,0.54669131,1,0.859875436,0.859875436,0.859875436,0.859875436,0.54669131,1,0.859875436,0.470086429,1,1,0.54669131,0.337349398,0.404215773,0.470086429,1,0.470086429,0.220981251,0.470086429,0.739385766,0.859875436,0.859875436,1,0.347575214,0.257116621,0.257116621,0.298871389,0.190016349,0.859875436,0.190016349,0.404215773,0.54669131,0.140495384,0.076807606,0.859875436,0.347575214,0.859875436,0.470086429,0.859875436,0.54669131,0.859875436,0.470086429,0.859875436,0.859875436,0.257116621,0.404215773,0.635779658,0.54669131,0.140495384,0.301724138,0.298871389,0.635779658,0.298871389,0.298871389,0.859875436,0.347575214,0.54669131,0.859875436
0.404215773,0.256992166,0.739385766,0.739385766,0.163390391,0.859875436,1,0.739385766,0.635779658,0.859875436,0.05679045,0.05679045,5.69E-06,0.298871389,0.739385766,1,0.859875436,0.190016349,0.256992166,0.739385766,0.635779658,0.739385766,0.739385766,0.347575214,0.002384634,0.076807606,0.404215773,0.54669131,0.089324107,0.739385766,0.739385766,0.739385766,0.739385766,0.635779658,0.54669131,0.298871389,0.022955596,0.635779658,0.298871389,1.04E-05,0.635779658,0.739385766,0.001303659,0.739385766,0.739385766,0.347575214,0.739385766,0.298871389,0.066044973,0.048832713,0.404215773,0.739385766,0.404215773,0.739385766,0.347575214,0.635779658,0.739385766,0.347575214,0.470086429,0.859875436,0.355932203,0.739385766,0.739385766,0.739385766,0.470086429,0.859875436,0.739385766,0.404215773,0.859875436,0.859875436,0.470086429,0.347575214,0.347575214,0.404215773,0.859875436,0.318181818,0.318449874,0.474576271,0.635779658,0.739385766,0.739385766,0.126126126,0.298871389,0.220981251,0.635779658,0.256992166,0.163390391,0.739385766,0.163390391,0.347575214,0.470086429,0.163390391,0.066044973,0.739385766,0.298871389,0.739385766,0.404215773,0.739385766,0.470086429,0.739385766,0.404215773,0.739385766,0.739385766,0.190016349,0.347575214,0.54669131,0.470086429,0.12080853,0.635779658,0.256992166,0.54669131,0.432989691,0.256992166,0.739385766,0.298871389,0.470086429,0.739385766
0.404215773,0.256992166,0.739385766,0.739385766,0.163390391,0.859875436,0.739385766,1,0.635779658,0.859875436,0.05679045,0.05679045,5.69E-06,0.298871389,0.739385766,0.739385766,0.859875436,0.190016349,0.256992166,0.739385766,0.635779658,0.739385766,0.739385766,0.347575214,0.001763164,0.076807606,0.404215773,0.54669131,0.089324107,0.739385766,0.739385766,0.739385766,0.739385766,0.635779658,0.54669131,0.298871389,0.022955596,0.635779658,0.298871389,7.69E-06,0.635779658,0.739385766,0.000963907,0.739385766,0.739385766,0.347575214,0.739385766,0.298871389,0.066044973,0.036106213,0.404215773,0.739385766,0.404215773,0.739385766,0.347575214,0.635779658,0.739385766,0.347575214,0.470086429,0.859875436,0.739385766,0.739385766,0.739385766,0.739385766,0.470086429,0.859875436,0.739385766,0.404215773,0.859875436,0.859875436,0.470086429,0.347575214,0.347575214,0.404215773,0.859875436,0.404215773,0.190016349,0.404215773,0.635779658,0.739385766,0.739385766,0.859875436,0.298871389,0.220981251,0.635779658,0.256992166,0.163390391,0.739385766,0.163390391,0.347575214,0.470086429,0.12080853,0.066044973,0.739385766,0.298871389,0.739385766,0.404215773,0.739385766,0.470086429,0.739385766,0.404215773,0.739385766,0.739385766,0.190016349,0.347575214,0.54669131,0.470086429,0.12080853,0.635779658,0.256992166,0.54669131,0.256992166,0.256992166,0.739385766,0.298871389,0.470086429,0.739385766
0.347575214,0.220981251,0.635779658,0.635779658,0.140495384,0.739385766,0.635779658,0.635779658,1,0.739385766,0.048832713,0.048832713,4.89E-06,0.354166667,0.635779658,0.635779658,0.739385766,0.163390391,0.220981251,0.635779658,0.54669131,0.635779658,0.635779658,0.298871389,0.001516102,0.577319588,0.347575214,0.470086429,0.235888795,0.635779658,0.635779658,0.154355017,0.635779658,0.54669131,0.470086429,0.256992166,0.019738953,0.54669131,0.256992166,6.61E-06,0.54669131,0.635779658,0.00082884,0.635779658,0.254545455,0.225806452,0.635779658,0.256992166,0.05679045,0.031046846,0.347575214,0.635779658,0.451612903,0.147523709,0.298871389,0.54669131,0.635779658,0.298871389,0.404215773,0.739385766,0.269230769,0.635779658,0.635779658,0.635779658,0.404215773,0.739385766,0.635779658,0.347575214,0.739385766,0.739385766,0.404215773,0.298871389,0.298871389,0.347575214,0.739385766,0.355932203,0.163390391,0.347575214,0.368421053,0.635779658,0.635779658,0.739385766,0.256992166,0.190016349,0.54669131,0.220981251,0.140495384,0.635779658,0.140495384,0.298871389,0.404215773,0.103880287,0.05679045,0.635779658,0.256992166,0.635779658,0.347575214,0.284348865,0.284348865,0.635779658,0.347575214,0.635779658,0.635779658,0.163390391,0.298871389,0.470086429,0.404215773,0.103880287,0.54669131,0.220981251,0.470086429,0.220981251,0.337349398,0.635779658,0.256992166,0.404215773,0.635779658
0.470086429,0.298871389,0.859875436,0.859875436,0.190016349,1,0.859875436,0.859875436,0.739385766,1,0.066044973,0.066044973,6.61E-06,0.347575214,0.859875436,0.859875436,1,0.220981251,0.298871389,0.859875436,0.739385766,0.859875436,0.859875436,0.404215773,0.002050488,0.089324107,0.470086429,0.635779658,0.103880287,0.859875436,0.859875436,0.859875436,0.859875436,0.739385766,0.635779658,0.347575214,0.02669642,0.739385766,0.347575214,8.94E-06,0.739385766,0.859875436,0.001120984,0.859875436,0.859875436,0.404215773,0.859875436,0.347575214,0.076807606,0.041990051,0.470086429,0.859875436,0.470086429,0.859875436,0.404215773,0.739385766,0.859875436,0.404215773,0.54669131,1,0.859875436,0.859875436,0.859875436,0.859875436,0.54669131,1,0.859875436,0.470086429,1,1,0.54669131,0.404215773,0.404215773,0.470086429,1,0.470086429,0.220981251,0.470086429,0.739385766,0.859875436,0.859875436,1,0.347575214,0.256992166,0.739385766,0.298871389,0.190016349,0.859875436,0.190016349,0.404215773,0.54669131,0.140495384,0.076807606,0.859875436,0.347575214,0.859875436,0.470086429,0.859875436,0.54669131,0.859875436,0.470086429,0.859875436,0.859875436,0.220981251,0.404215773,0.635779658,0.54669131,0.140495384,0.739385766,0.298871389,0.635779658,0.298871389,0.298871389,0.859875436,0.347575214,0.54669131,0.859875436
0.031046846,0.019738953,0.05679045,0.237288136,0.337349398,0.066044973,0.05679045,0.05679045,0.048832713,0.066044973,1,0.118644068,0.155555556,0.022955596,0.05679045,0.05679045,0.066044973,0.107775212,0.019738953,0.622222222,0.048832713,0.366013072,0.05679045,0.107775212,0.112,0.005899408,0.05679045,0.041990051,0.006860771,0.05679045,0.184210526,0.05679045,0.05679045,0.113913751,0.041990051,0.126126126,0.001763164,0.048832713,0.022955596,0.134615385,0.048832713,0.05679045,0.355932203,0.113913751,0.05679045,0.02669642,0.05679045,0.022955596,0.368421053,0.448,0.031046846,0.05679045,0.031046846,0.05679045,0.02669642,0.048832713,0.337349398,0.337349398,0.036106213,0.066044973,0.05679045,0.05679045,0.05679045,0.366013072,0.036106213,0.066044973,0.05679045,0.155555556,0.066044973,0.066044973,0.036106213,0.144329897,0.02669642,0.031046846,0.269230769,0.031046846,0.014594701,0.031046846,0.048832713,0.05679045,0.05679045,0.066044973,0.022955596,0.113913751,0.113913751,0.019738953,0.012549625,0.05679045,0.262172285,0.02669642,0.134615385,0.009279014,0.005072756,0.05679045,0.022955596,0.05679045,0.031046846,0.05679045,0.036106213,0.05679045,0.031046846,0.05679045,0.123022847,0.014594701,0.02669642,0.041990051,0.036106213,0.012549625,0.048832713,0.019738953,0.041990051,0.019738953,0.019738953,0.144329897,0.022955596,0.036106213,0.05679045
0.031046846,0.019738953,0.05679045,0.095890411,0.126126126,0.066044973,0.05679045,0.05679045,0.048832713,0.066044973,0.118644068,1,0.237288136,0.022955596,0.076807606,0.05679045,0.066044973,0.518682711,0.019738953,0.118644068,0.048832713,0.61878453,0.05679045,0.177327422,0.183006536,0.005899408,0.031046846,0.05679045,0.006860771,0.05679045,0.269230769,0.05679045,0.05679045,0.542743539,0.041990051,0.201438849,0.002384634,0.048832713,0.022955596,0.212121212,0.106060606,0.05679045,0.095890411,0.185553347,0.05679045,0.02669642,0.05679045,0.022955596,0.134615385,0.183006536,0.031046846,0.05679045,0.031046846,0.05679045,0.02669642,0.048832713,0.126126126,0.126126126,0.036106213,0.066044973,0.05679045,0.05679045,0.05679045,0.61878453,0.036106213,0.066044973,0.05679045,0.237288136,0.066044973,0.066044973,0.036106213,0.224,0.335329341,0.031046846,0.106060606,0.031046846,0.014594701,0.031046846,0.048832713,0.05679045,0.05679045,0.066044973,0.022955596,0.185553347,0.185553347,0.019738953,0.012549625,0.05679045,0.103857567,0.02669642,0.212121212,0.012549625,0.005072756,0.05679045,0.022955596,0.05679045,0.031046846,0.117944398,0.117944398,0.05679045,0.031046846,0.076807606,0.562764457,0.014594701,0.02669642,0.041990051,0.036106213,0.009279014,0.048832713,0.019738953,0.041990051,0.019738953,0.019738953,0.224,0.022955596,0.036106213,0.05679045
0.337349398,1.98E-06,5.69E-06,0.118644068,0.168674699,6.61E-06,5.69E-06,5.69E-06,4.89E-06,6.61E-06,0.155555556,0.237288136,1,2.30E-06,7.69E-06,5.69E-06,6.61E-06,0.215550423,1.98E-06,0.155555556,4.89E-06,0.183006536,5.69E-06,0.215550423,0.224,5.91E-07,3.11E-06,5.69E-06,6.87E-07,5.69E-06,0.368421053,5.69E-06,5.69E-06,0.227827502,4.20E-06,0.252252252,1.77E-07,4.89E-06,2.30E-06,0.269230769,4.89E-06,5.69E-06,0.118644068,0.227827502,5.69E-06,2.67E-06,5.69E-06,2.30E-06,0.184210526,0.224,3.11E-06,5.69E-06,3.11E-06,5.69E-06,2.67E-06,4.89E-06,0.168674699,0.168674699,3.62E-06,6.61E-06,5.69E-06,5.69E-06,5.69E-06,0.183006536,3.62E-06,6.61E-06,5.69E-06,0.311111111,6.61E-06,6.61E-06,3.62E-06,0.288659794,0.100719424,3.11E-06,0.134615385,3.11E-06,1.46E-06,3.11E-06,4.89E-06,5.69E-06,7.69E-06,6.61E-06,2.30E-06,0.227827502,0.227827502,1.98E-06,0.128232759,5.69E-06,0.242509363,2.67E-06,0.269230769,1.26E-06,6.87E-07,5.69E-06,2.30E-06,5.69E-06,3.11E-06,5.69E-06,4.89E-06,5.69E-06,3.11E-06,7.69E-06,0.246045694,1.98E-06,2.67E-06,4.20E-06,3.62E-06,0.126126126,4.89E-06,0.168674699,4.20E-06,1.98E-06,1.98E-06,0.896907216,2.30E-06,3.62E-06,5.69E-06
0.163390391,0.103880287,0.298871389,0.298871389,0.066044973,0.347575214,0.298871389,0.298871389,0.354166667,0.347575214,0.022955596,0.022955596,2.30E-06,1,0.298871389,0.298871389,0.347575214,0.076807606,0.103880287,0.298871389,0.256992166,0.298871389,0.298871389,0.140495384,0.000712699,0.246376812,0.163390391,0.220981251,0.187431092,0.298871389,0.298871389,0.271132376,0.298871389,0.256992166,0.220981251,0.12080853,0.009279014,0.256992166,0.12080853,3.11E-06,0.256992166,0.298871389,0.000389626,0.298871389,0.62962963,0.5,0.298871389,0.12080853,0.02669642,0.014594701,0.163390391,0.298871389,0.5,0.254110613,0.140495384,0.256992166,0.298871389,0.140495384,0.190016349,0.347575214,0.223684211,0.298871389,0.298871389,0.298871389,0.190016349,0.347575214,0.298871389,0.163390391,0.347575214,0.347575214,0.190016349,0.140495384,0.140495384,0.163390391,0.347575214,0.188888889,0.076807606,0.163390391,0.354166667,0.298871389,0.298871389,0.347575214,0.12080853,0.089324107,0.256992166,0.103880287,0.066044973,0.298871389,0.066044973,0.140495384,0.190016349,0.048832713,0.02669642,0.298871389,0.12080853,0.298871389,0.163390391,0.267504488,0.267504488,0.298871389,0.163390391,0.298871389,0.298871389,0.076807606,0.140495384,0.220981251,0.190016349,0.048832713,0.256992166,0.103880287,0.220981251,0.103880287,0.309090909,0.298871389,0.12080853,0.190016349,0.298871389
0.404215773,0.256992166,0.739385766,0.739385766,0.163390391,0.859875436,0.739385766,0.739385766,0.635779658,0.859875436,0.05679045,0.076807606,7.69E-06,0.298871389,1,0.739385766,0.859875436,0.190016349,0.256992166,0.739385766,0.635779658,0.739385766,0.739385766,0.347575214,0.002384634,0.076807606,0.404215773,0.739385766,0.089324107,0.739385766,0.739385766,0.739385766,0.739385766,0.635779658,0.54669131,0.298871389,0.022955596,0.635779658,0.298871389,1.04E-05,0.635779658,0.739385766,0.001303659,0.739385766,0.739385766,0.347575214,0.739385766,0.298871389,0.066044973,0.048832713,0.404215773,0.739385766,0.404215773,0.739385766,0.347575214,0.635779658,0.739385766,0.347575214,0.470086429,0.859875436,0.739385766,0.739385766,0.739385766,1,0.470086429,0.859875436,0.739385766,0.404215773,0.859875436,0.859875436,0.470086429,0.470086429,0.347575214,0.404215773,0.859875436,0.404215773,0.190016349,0.404215773,0.635779658,0.739385766,0.739385766,0.859875436,0.298871389,0.220981251,0.635779658,0.256992166,0.163390391,0.739385766,0.220981251,0.347575214,0.470086429,0.163390391,0.066044973,0.739385766,0.298871389,0.739385766,0.404215773,0.739385766,0.635779658,0.739385766,0.404215773,1,0.739385766,0.190016349,0.347575214,0.54669131,0.470086429,0.12080853,0.635779658,0.256992166,0.54669131,0.256992166,0.256992166,0.739385766,0.298871389,0.470086429,0.739385766
0.404215773,0.256992166,0.739385766,0.739385766,0.163390391,0.859875436,1,0.739385766,0.635779658,0.859875436,0.05679045,0.05679045,5.69E-06,0.298871389,0.739385766,1,0.859875436,0.190016349,0.256992166,0.739385766,0.635779658,0.739385766,0.739385766,0.347575214,0.002384634,0.076807606,0.404215773,0.54669131,0.089324107,0.739385766,0.739385766,0.739385766,0.739385766,0.635779658,0.54669131,0.298871389,0.022955596,0.635779658,0.298871389,1.04E-05,0.635779658,0.739385766,0.001303659,0.739385766,0.739385766,0.347575214,0.739385766,0.298871389,0.066044973,0.048832713,0.404215773,0.739385766,0.404215773,0.739385766,0.347575214,0.635779658,0.739385766,0.347575214,0.470086429,0.859875436,0.739385766,0.739385766,0.739385766,0.739385766,0.470086429,0.859875436,0.739385766,0.404215773,0.859875436,0.859875436,0.470086429,0.347575214,0.347575214,0.404215773,0.859875436,0.404215773,0.190016349,0.404215773,0.635779658,0.739385766,0.739385766,0.859875436,0.298871389,0.220981251,0.635779658,0.256992166,0.163390391,0.739385766,0.163390391,0.347575214,0.470086429,0.163390391,0.066044973,0.739385766,0.298871389,0.739385766,0.404215773,0.739385766,0.470086429,0.739385766,0.404215773,0.739385766,0.739385766,0.190016349,0.347575214,0.54669131,0.470086429,0.12080853,0.635779658,0.256992166,0.54669131,0.256992166,0.256992166,0.739385766,0.298871389,0.470086429,0.739385766
0.470086429,0.298871389,0.859875436,0.859875436,0.190016349,1,0.859875436,0.859875436,0.739385766,1,0.066044973,0.066044973,6.61E-06,0.347575214,0.859875436,0.859875436,1,0.220981251,0.298871389,0.859875436,0.739385766,0.859875436,0.859875436,0.404215773,0.002050488,0.089324107,0.470086429,0.635779658,0.103880287,0.859875436,0.859875436,0.859875436,0.859875436,0.739385766,0.635779658,0.347575214,0.02669642,0.739385766,0.347575214,8.94E-06,0.739385766,0.859875436,0.001120984,0.859875436,0.859875436,0.404215773,0.859875436,0.347575214,0.076807606,0.041990051,0.470086429,0.859875436,0.470086429,0.859875436,0.404215773,0.739385766,0.859875436,0.404215773,0.54669131,1,0.859875436,0.859875436,0.859875436,0.859875436,0.54669131,1,0.859875436,0.470086429,1,1,0.54669131,0.404215773,0.404215773,0.470086429,1,0.470086429,0.220981251,0.470086429,0.739385766,0.859875436,0.859875436,1,0.347575214,0.256992166,0.739385766,0.298871389,0.190016349,0.859875436,0.190016349,0.404215773,0.54669131,0.140495384,0.076807606,0.859875436,0.347575214,0.859875436,0.470086429,0.859875436,0.54669131,0.859875436,0.470086429,0.859875436,0.859875436,0.220981251,0.404215773,0.635779658,0.54669131,0.140495384,0.739385766,0.298871389,0.635779658,0.298871389,0.298871389,0.859875436,0.347575214,0.54669131,0.859875436
0.103880287,0.066044973,0.190016349,0.088663711,0.113913751,0.220981251,0.190016349,0.190016349,0.163390391,0.220981251,0.107775212,0.518682711,0.215550423,0.076807606,0.190016349,0.190016349,0.220981251,1,0.066044973,0.107775212,0.163390391,0.424572317,0.190016349,0.164899882,0.169799879,0.019738953,0.103880287,0.140495384,0.022955596,0.190016349,0.241587575,0.190016349,0.190016349,0.834152334,0.140495384,0.185553347,0.005899408,0.163390391,0.076807606,0.194579569,0.097289785,0.190016349,0.088663711,0.171990172,0.190016349,0.089324107,0.190016349,0.076807606,0.120793788,0.169799879,0.103880287,0.190016349,0.103880287,0.190016349,0.089324107,0.163390391,0.113913751,0.113913751,0.12080853,0.220981251,0.190016349,0.190016349,0.190016349,0.424572317,0.12080853,0.220981251,0.190016349,0.215550423,0.220981251,0.220981251,0.12080853,0.204528853,0.223029625,0.103880287,0.097289785,0.103880287,0.048832713,0.103880287,0.163390391,0.190016349,0.190016349,0.220981251,0.076807606,0.171990172,0.171990172,0.066044973,0.041990051,0.190016349,0.095432856,0.089324107,0.194579569,0.031046846,0.016973041,0.190016349,0.076807606,0.190016349,0.103880287,0.10719755,0.10719755,0.190016349,0.103880287,0.190016349,0.505530254,0.048832713,0.089324107,0.140495384,0.12080853,0.031046846,0.163390391,0.066044973,0.140495384,0.066044973,0.066044973,0.204528853,0.076807606,0.12080853,0.190016349
0.140495384,0.089324107,0.256992166,0.256992166,0.076807606,0.298871389,0.256992166,0.256992166,0.220981251,0.298871389,0.019738953,0.019738953,1.98E-06,0.103880287,0.256992166,0.256992166,0.298871389,0.066044973,1,0.256992166,0.220981251,0.256992166,0.256992166,0.12080853,0.000612832,0.02669642,0.140495384,0.190016349,0.031046846,0.256992166,0.256992166,0.256992166,0.256992166,0.220981251,0.190016349,0.103880287,0.007978796,0.220981251,0.103880287,2.67E-06,0.220981251,0.256992166,0.00033503,0.256992166,0.256992166,0.12080853,0.256992166,0.103880287,0.022955596,0.012549625,0.140495384,0.256992166,0.140495384,0.256992166,0.12080853,0.220981251,0.256992166,0.12080853,0.163390391,0.298871389,0.256992166,0.256992166,0.256992166,0.256992166,0.163390391,0.298871389,0.256992166,0.140495384,0.298871389,0.298871389,0.163390391,0.12080853,0.12080853,0.140495384,0.298871389,0.140495384,0.066044973,0.140495384,0.220981251,0.256992166,0.256992166,0.298871389,0.103880287,0.076807606,0.220981251,0.089324107,0.05679045,0.256992166,0.05679045,0.12080853,0.163390391,0.041990051,0.022955596,0.256992166,0.103880287,0.256992166,0.140495384,0.256992166,0.163390391,0.256992166,0.140495384,0.256992166,0.256992166,0.066044973,0.12080853,0.190016349,0.163390391,0.041990051,0.220981251,0.089324107,0.190016349,0.089324107,0.089324107,0.256992166,0.103880287,0.163390391,0.256992166
0.404215773,0.256992166,0.739385766,0.237288136,0.337349398,0.859875436,0.739385766,0.739385766,0.635779658,0.859875436,0.622222222,0.118644068,0.155555556,0.298871389,0.739385766,0.739385766,0.859875436,0.107775212,0.256992166,1,0.635779658,0.45751634,0.739385766,0.107775212,0.112,0.076807606,0.404215773,0.54669131,0.089324107,0.739385766,0.184210526,0.739385766,0.739385766,0.113913751,0.54669131,0.126126126,0.022955596,0.635779658,0.298871389,0.134615385,0.635779658,0.739385766,0.355932203,0.113913751,0.739385766,0.347575214,0.739385766,0.298871389,0.368421053,0.56,0.404215773,0.739385766,0.404215773,0.739385766,0.347575214,0.635779658,0.337349398,0.337349398,0.470086429,0.859875436,0.739385766,0.739385766,0.739385766,0.45751634,0.470086429,0.859875436,0.739385766,0.155555556,0.859875436,0.859875436,0.470086429,0.144329897,0.347575214,0.404215773,0.269230769,0.404215773,0.190016349,0.404215773,0.635779658,0.739385766,0.739385766,0.859875436,0.298871389,0.113913751,0.113913751,0.256992166,0.163390391,0.739385766,0.262172285,0.347575214,0.134615385,0.12080853,0.066044973,0.739385766,0.298871389,0.739385766,0.404215773,0.739385766,0.470086429,0.739385766,0.404215773,0.739385766,0.123022847,0.190016349,0.347575214,0.54669131,0.470086429,0.12080853,0.635779658,0.256992166,0.54669131,0.256992166,0.256992166,0.144329897,0.298871389,0.470086429,0.739385766
0.347575214,0.220981251,0.635779658,0.635779658,0.140495384,0.739385766,0.635779658,0.635779658,0.54669131,0.739385766,0.048832713,0.048832713,4.89E-06,0.256992166,0.635779658,0.635779658,0.739385766,0.163390391,0.220981251,0.635779658,1,0.635779658,0.635779658,0.298871389,0.001516102,0.066044973,0.347575214,0.470086429,0.076807606,0.635779658,0.635779658,0.635779658,0.635779658,0.54669131,0.470086429,0.256992166,0.019738953,0.54669131,0.256992166,6.61E-06,0.54669131,0.635779658,0.00082884,0.635779658,0.635779658,0.298871389,0.635779658,0.256992166,0.05679045,0.031046846,0.347575214,0.635779658,0.347575214,0.635779658,0.298871389,0.54669131,0.635779658,0.298871389,0.404215773,0.739385766,0.635779658,0.635779658,0.635779658,0.635779658,0.404215773,0.739385766,0.635779658,0.347575214,0.739385766,0.739385766,0.404215773,0.298871389,0.298871389,0.347575214,0.739385766,0.347575214,0.163390391,0.347575214,0.54669131,0.635779658,0.635779658,0.739385766,0.256992166,0.190016349,0.54669131,0.220981251,0.140495384,0.635779658,0.140495384,0.298871389,0.404215773,0.103880287,0.05679045,0.635779658,0.256992166,0.635779658,0.347575214,0.635779658,0.404215773,0.635779658,0.347575214,0.635779658,0.635779658,0.163390391,0.298871389,0.470086429,0.404215773,0.103880287,0.54669131,0.220981251,0.470086429,0.220981251,0.220981251,0.635779658,0.256992166,0.404215773,0.635779658
0.404215773,0.256992166,0.739385766,0.154696133,0.191780822,0.859875436,0.739385766,0.739385766,0.635779658,0.859875436,0.366013072,0.61878453,0.183006536,0.298871389,0.739385766,0.739385766,0.859875436,0.424572317,0.256992166,0.45751634,0.635779658,1,0.739385766,0.145152929,0.14893617,0.076807606,0.404215773,0.54669131,0.089324107,0.739385766,0.201438849,0.739385766,0.739385766,0.440559441,0.54669131,0.16091954,0.022955596,0.635779658,0.298871389,0.167664671,0.083832335,0.739385766,0.232044199,0.150618612,0.739385766,0.347575214,0.739385766,0.298871389,0.201438849,0.446808511,0.404215773,0.739385766,0.404215773,0.739385766,0.347575214,0.635779658,0.191780822,0.191780822,0.470086429,0.859875436,0.739385766,0.739385766,0.739385766,1,0.470086429,0.859875436,0.739385766,0.183006536,0.859875436,0.859875436,0.470086429,0.175,0.346534653,0.404215773,0.167664671,0.404215773,0.190016349,0.404215773,0.635779658,0.739385766,0.739385766,0.859875436,0.298871389,0.150618612,0.150618612,0.256992166,0.163390391,0.739385766,0.164899882,0.347575214,0.167664671,0.12080853,0.066044973,0.739385766,0.298871389,0.739385766,0.404215773,0.091086532,0.091086532,0.739385766,0.404215773,0.739385766,0.451357466,0.190016349,0.347575214,0.54669131,0.470086429,0.12080853,0.635779658,0.256992166,0.54669131,0.256992166,0.256992166,0.175,0.298871389,0.470086429,0.739385766
0.404215773,0.256992166,0.739385766,0.739385766,0.163390391,0.859875436,0.739385766,0.739385766,0.635779658,0.859875436,0.05679045,0.05679045,5.69E-06,0.298871389,0.739385766,0.739385766,0.859875436,0.190016349,0.256992166,0.739385766,0.635779658,0.739385766,1,0.347575214,0.001763164,0.076807606,0.404215773,0.54669131,0.089324107,0.739385766,0.739385766,0.739385766,0.739385766,0.635779658,0.54669131,0.298871389,0.022955596,0.635779658,0.298871389,1.04E-05,0.635779658,0.739385766,0.000963907,0.739385766,0.739385766,0.347575214,0.739385766,0.298871389,0.066044973,0.036106213,0.404215773,0.739385766,0.404215773,0.739385766,0.347575214,0.635779658,0.739385766,0.347575214,0.470086429,0.859875436,0.739385766,0.739385766,0.739385766,0.739385766,0.470086429,0.859875436,0.739385766,0.404215773,0.859875436,0.859875436,0.470086429,0.347575214,0.347575214,0.404215773,0.859875436,0.404215773,0.190016349,0.404215773,0.635779658,0.739385766,0.739385766,0.859875436,0.298871389,0.220981251,0.635779658,0.256992166,0.163390391,0.739385766,0.163390391,0.347575214,0.470086429,0.12080853,0.066044973,0.739385766,0.298871389,0.739385766,0.404215773,0.739385766,0.470086429,0.739385766,0.404215773,0.739385766,0.739385766,0.190016349,0.347575214,0.54669131,0.470086429,0.12080853,0.635779658,0.256992166,0.54669131,0.256992166,0.256992166,0.739385766,0.298871389,0.470086429,0.739385766
0.190016349,0.12080853,0.347575214,0.088663711,0.113913751,0.404215773,0.347575214,0.347575214,0.298871389,0.404215773,0.107775212,0.177327422,0.215550423,0.140495384,0.347575214,0.347575214,0.404215773,0.164899882,0.12080853,0.107775212,0.298871389,0.145152929,0.347575214,1,0.939357186,0.036106213,0.190016349,0.256992166,0.041990051,0.347575214,0.509059534,0.347575214,0.347575214,0.171990172,0.347575214,0.55666004,0.010791114,0.298871389,0.140495384,0.583738707,0.298871389,0.347575214,0.088663711,0.171990172,0.347575214,0.163390391,0.347575214,0.092776673,0.120793788,0.339599757,0.190016349,0.371106693,0.190016349,0.347575214,0.163390391,0.298871389,0.113913751,0.113913751,0.220981251,0.404215773,0.347575214,0.347575214,0.347575214,0.145152929,0.220981251,0.404215773,0.347575214,0.431100847,0.404215773,0.404215773,0.220981251,0.204528853,0.163390391,0.190016349,0.097289785,0.190016349,0.089324107,0.190016349,0.298871389,0.347575214,0.347575214,0.404215773,0.120793788,0.171990172,0.171990172,0.12080853,0.076807606,0.347575214,0.095432856,0.163390391,0.389159138,0.05679045,0.031046846,0.347575214,0.140495384,0.347575214,0.190016349,0.347575214,0.220981251,0.097289785,0.190016349,0.347575214,0.182173064,0.089324107,0.163390391,0.256992166,0.220981251,0.05679045,0.298871389,0.12080853,0.256992166,0.12080853,0.12080853,0.204528853,0.140495384,0.220981251,0.347575214
0.000963907,0.000612832,0.001763164,0.091503268,0.118644068,0.002050488,0.002384634,0.001763164,0.001516102,0.002050488,0.112,0.183006536,0.224,0.000712699,0.002384634,0.002384634,0.002050488,0.169799879,0.000612832,0.112,0.001516102,0.14893617,0.001763164,0.939357186,1,0.000183158,0.000963907,0.001763164,0.000213005,0.001763164,0.531531532,0.001763164,0.001763164,0.177327422,0.001303659,0.575342466,7.40E-05,0.001516102,0.000712699,0.604316547,0.001516102,0.001763164,0.091503268,0.177327422,0.001763164,0.00082884,0.001763164,0.095890411,0.126126126,0.35,0.000963907,0.383561644,0.000963907,0.001763164,0.00082884,0.001516102,0.118644068,0.118644068,0.001120984,0.002050488,0.001763164,0.001763164,0.001763164,0.14893617,0.001120984,0.002050488,0.001763164,0.448,0.002050488,0.002050488,0.001120984,0.212121212,0.00082884,0.000963907,0.100719424,0.000963907,0.000453119,0.000963907,0.001516102,0.001763164,0.001763164,0.002050488,0.126126126,0.177327422,0.177327422,0.000612832,0.000389626,0.001763164,0.098730606,0.00082884,0.402877698,0.000526959,0.000157493,0.001763164,0.000712699,0.001763164,0.000963907,0.001763164,0.001516102,0.100719424,0.000963907,0.002384634,0.188172043,0.000453119,0.00082884,0.001303659,0.001120984,0.000288084,0.001516102,0.000612832,0.001303659,0.000612832,0.000612832,0.212121212,0.000712699,0.001120984,0.001763164
0.041990051,0.02669642,0.076807606,0.076807606,0.016973041,0.089324107,0.076807606,0.076807606,0.577319588,0.089324107,0.005899408,0.005899408,5.91E-07,0.246376812,0.076807606,0.076807606,0.089324107,0.019738953,0.02669642,0.076807606,0.066044973,0.076807606,0.076807606,0.036106213,0.000183158,1,0.041990051,0.05679045,0.200429492,0.076807606,0.076807606,0.250671441,0.076807606,0.066044973,0.05679045,0.031046846,0.002384634,0.066044973,0.031046846,1.08E-06,0.066044973,0.076807606,0.000100131,0.076807606,0.407894737,0.337349398,0.076807606,0.031046846,0.006860771,0.003750724,0.041990051,0.103880287,0.337349398,0.241587575,0.036106213,0.066044973,0.076807606,0.036106213,0.048832713,0.089324107,0.224,0.076807606,0.076807606,0.076807606,0.048832713,0.089324107,0.076807606,0.041990051,0.089324107,0.089324107,0.048832713,0.036106213,0.048832713,0.041990051,0.089324107,0.302158273,0.019738953,0.041990051,0.577319588,0.076807606,0.076807606,0.089324107,0.031046846,0.022955596,0.066044973,0.02669642,0.016973041,0.076807606,0.016973041,0.036106213,0.048832713,0.012549625,0.006860771,0.076807606,0.031046846,0.076807606,0.041990051,0.227316141,0.227316141,0.076807606,0.041990051,0.076807606,0.076807606,0.019738953,0.036106213,0.05679045,0.048832713,0.012549625,0.066044973,0.02669642,0.05679045,0.02669642,0.269230769,0.076807606,0.031046846,0.066044973,0.103880287
0.220981251,0.140495384,0.404215773,0.404215773,0.089324107,0.470086429,0.404215773,0.404215773,0.347575214,0.470086429,0.05679045,0.031046846,3.11E-06,0.163390391,0.404215773,0.404215773,0.470086429,0.103880287,0.140495384,0.404215773,0.347575214,0.404215773,0.404215773,0.190016349,0.000963907,0.041990051,1,0.298871389,0.048832713,0.404215773,0.404215773,0.404215773,0.404215773,0.347575214,0.298871389,0.163390391,0.012549625,0.347575214,0.163390391,4.20E-06,0.347575214,0.404215773,0.000526959,0.404215773,0.404215773,0.190016349,0.404215773,0.163390391,0.036106213,0.019738953,0.220981251,0.404215773,0.220981251,0.404215773,0.190016349,0.347575214,0.404215773,0.190016349,0.256992166,0.470086429,0.404215773,0.404215773,0.404215773,0.404215773,0.256992166,0.470086429,0.404215773,0.220981251,0.470086429,0.470086429,0.256992166,0.190016349,0.190016349,0.220981251,0.470086429,0.220981251,0.103880287,0.220981251,0.347575214,0.404215773,0.404215773,0.470086429,0.163390391,0.12080853,0.347575214,0.140495384,0.089324107,0.404215773,0.089324107,0.190016349,0.256992166,0.066044973,0.036106213,0.404215773,0.163390391,0.404215773,0.220981251,0.404215773,0.256992166,0.404215773,0.220981251,0.404215773,0.404215773,0.103880287,0.190016349,0.298871389,0.256992166,0.066044973,0.347575214,0.140495384,0.298871389,0.140495384,0.140495384,0.404215773,0.163390391,0.256992166,0.404215773
0.298871389,0.190016349,0.54669131,0.54669131,0.12080853,0.635779658,0.54669131,0.54669131,0.470086429,0.635779658,0.041990051,0.05679045,5.69E-06,0.220981251,0.739385766,0.54669131,0.635779658,0.140495384,0.190016349,0.54669131,0.470086429,0.54669131,0.54669131,0.256992166,0.001763164,0.05679045,0.298871389,1,0.561920809,0.54669131,0.54669131,0.54669131,0.54669131,0.470086429,0.404215773,0.220981251,0.016973041,0.470086429,0.220981251,7.69E-06,0.75257732,0.54669131,0.000963907,0.54669131,0.54669131,0.256992166,0.54669131,0.220981251,0.048832713,0.036106213,0.298871389,0.54669131,0.298871389,0.54669131,0.256992166,0.470086429,0.54669131,0.256992166,0.347575214,0.635779658,0.54669131,0.54669131,0.54669131,0.739385766,0.347575214,0.635779658,0.54669131,0.298871389,0.635779658,0.635779658,0.347575214,0.347575214,0.256992166,0.298871389,0.635779658,0.298871389,0.140495384,0.298871389,0.635779658,0.54669131,0.54669131,0.635779658,0.220981251,0.163390391,0.470086429,0.190016349,0.12080853,0.54669131,0.163390391,0.256992166,0.144329897,0.12080853,0.048832713,0.54669131,0.220981251,0.54669131,0.298871389,0.54669131,0.470086429,0.54669131,0.298871389,0.739385766,0.54669131,0.140495384,0.256992166,0.404215773,0.347575214,0.089324107,0.470086429,0.190016349,0.404215773,0.190016349,0.190016349,0.54669131,0.220981251,0.879518072,0.54669131
0.048832713,0.031046846,0.089324107,0.089324107,0.019738953,0.103880287,0.089324107,0.089324107,0.235888795,0.103880287,0.006860771,0.006860771,6.87E-07,0.187431092,0.089324107,0.089324107,0.103880287,0.022955596,0.031046846,0.089324107,0.076807606,0.089324107,0.089324107,0.041990051,0.000213005,0.200429492,0.048832713,0.561920809,1,0.089324107,0.089324107,0.104947526,0.089324107,0.076807606,0.066044973,0.036106213,0.002773232,0.076807606,0.036106213,9.29E-07,0.455977094,0.089324107,0.000116448,0.089324107,0.143295803,0.133715377,0.089324107,0.036106213,0.007978796,0.004361939,0.048832713,0.12080853,0.267430755,0.101744186,0.041990051,0.076807606,0.089324107,0.041990051,0.05679045,0.103880287,0.190865712,0.089324107,0.089324107,0.089324107,0.05679045,0.103880287,0.089324107,0.048832713,0.103880287,0.103880287,0.05679045,0.041990051,0.05679045,0.048832713,0.103880287,0.17423771,0.022955596,0.048832713,0.235888795,0.089324107,0.089324107,0.103880287,0.036106213,0.02669642,0.076807606,0.031046846,0.019738953,0.089324107,0.019738953,0.041990051,0.100214746,0.014594701,0.007978796,0.089324107,0.036106213,0.089324107,0.048832713,0.188291139,0.188291139,0.089324107,0.048832713,0.089324107,0.089324107,0.022955596,0.041990051,0.066044973,0.05679045,0.014594701,0.076807606,0.031046846,0.066044973,0.031046846,0.222752586,0.089324107,0.036106213,0.506762132,0.12080853
